criterion = entropy
max_depth = 8  0.85323822 
min_samples_split = 32  0.85380863
min_samples_leaf = 28   0.85464221
网格搜索小范围调参：'max_depth': 11, 'min_samples_leaf': 30, 'min_samples_split': 25        0.856485031138619

criterion = gini
max_depth = 7   0.85306263
min_samples_split = 20  0.85341364
min_samples_leaf = 27   0.85350144
网格搜索小范围调参：'max_depth': 9, 'min_samples_leaf': 13, 'min_samples_split': 28         0.8556952495323433


